% Пороскун Олени ПМ-81
% Homework 5
% Problem 2: Heat Plate Linear System

T1 = heatPlate(50, 50, 50) % 1 випадок 
T2 = heatPlate(20, 20, 80) % 2 випадок 
T3 = heatPlate(15, 95, 40) % 3 випадок 

function T = heatPlate(TA, TB, TC)
TA
TB
TC
              % 1  2  3  4  5  6  7  8  9 10 11 12 13 14 15
Temperature = [ 3,-1, 0, 0, 0,-1, 0, 0, 0, 0, 0, 0, 0, 0, 0;  % 1
               -1, 3,-1, 0, 0, 0,-1, 0, 0, 0, 0, 0, 0, 0, 0;  % 2
                0,-1, 3,-1, 0, 0, 0,-1, 0, 0, 0, 0, 0, 0, 0;  % 3
                0, 0,-1, 3,-1, 0, 0, 0,-1, 0, 0, 0, 0, 0, 0;  % 4
                0, 0, 0,-1, 3, 0, 0, 0, 0,-1, 0, 0, 0, 0, 0;  % 5       
               -1, 0, 0, 0, 0, 3,-1, 0, 0, 0,-1, 0, 0, 0, 0;  % 6
                0,-1, 0, 0, 0,-1, 4,-1, 0, 0, 0,-1, 0, 0, 0;  % 7
                0, 0,-1, 0, 0, 0,-1, 4,-1, 0, 0, 0,-1, 0, 0;  % 8 
                0, 0, 0,-1, 0, 0, 0,-1, 4,-1, 0, 0, 0,-1, 0;  % 9
                0, 0, 0, 0,-1, 0, 0, 0,-1, 3, 0, 0, 0, 0,-1;  % 10
                0, 0, 0, 0, 0,-1, 0, 0, 0, 0, 2,-1, 0, 0, 0;  % 11
                0, 0, 0, 0, 0, 0,-1, 0, 0, 0,-1, 3,-1, 0, 0;  % 12 
                0, 0, 0, 0, 0, 0, 0,-1, 0, 0, 0,-1, 4,-1, 0;  % 13
                0, 0, 0, 0, 0, 0, 0, 0,-1, 0, 0, 0,-1, 3,-1;  % 14
                0, 0, 0, 0, 0, 0, 0, 0, 0,-1, 0, 0, 0,-1, 2]; % 15

             % 1  2  3  4  5  6  7  8  9  10 11  12 13 14 15
Temp_conct = [TA; 0; 0; 0; TB; 0; 0; 0; 0; 0; 0; 0; TC; 0; 0];    
T = Temperature \ Temp_conct;
end